{
 "cells": [
  {
   "cell_type": "markdown",
   "id": "82d6c7ad",
   "metadata": {},
   "source": [
    "# GalaxyZoo\n",
    "\n",
    "After the data have been downloaded for the website, we will show you how to setup a data pipeline in tensorflow using tf.data\n"
   ]
  },
  {
   "cell_type": "code",
   "execution_count": 12,
   "id": "8d4443d5",
   "metadata": {},
   "outputs": [],
   "source": [
    "\n",
    "import glob\n",
    "import pandas as pd\n",
    "from torchvision import transforms\n",
    "from torch.utils.data import DataLoader\n",
    "\n",
    "from utils import trim_file_list, img_label, CustomDataset"
   ]
  },
  {
   "cell_type": "code",
   "execution_count": 3,
   "id": "37fa1f6f",
   "metadata": {},
   "outputs": [],
   "source": [
    "# Path to data and labels\n",
    "img_dir = \"data/images/images_training_rev1\"\n",
    "label_path = \"data/labels.csv\"\n",
    "val_split = 0.2"
   ]
  },
  {
   "cell_type": "code",
   "execution_count": 4,
   "id": "fd3c7da8",
   "metadata": {},
   "outputs": [],
   "source": [
    "# Get labels for all images by ID\n",
    "# set_index means we can use loc for the exact ID rather than order in file\n",
    "# only interested in subset of columns\n",
    "labels_df = pd.read_csv(label_path).set_index('GalaxyID')[['Class1.1','Class1.2','Class1.3']]"
   ]
  },
  {
   "cell_type": "code",
   "execution_count": 5,
   "id": "e9b0f913",
   "metadata": {},
   "outputs": [
    {
     "name": "stdout",
     "output_type": "stream",
     "text": [
      "['data/images/images_training_rev1/555529.jpg', 'data/images/images_training_rev1/426194.jpg', 'data/images/images_training_rev1/510506.jpg', 'data/images/images_training_rev1/945904.jpg', 'data/images/images_training_rev1/898518.jpg']\n"
     ]
    }
   ],
   "source": [
    "# get list of files\n",
    "files = glob.glob(f'{img_dir}/*')\n",
    "print(files[:5])"
   ]
  },
  {
   "cell_type": "code",
   "execution_count": 6,
   "id": "b7789250",
   "metadata": {
    "scrolled": true
   },
   "outputs": [
    {
     "name": "stdout",
     "output_type": "stream",
     "text": [
      "['data/images/images_training_rev1/555529.jpg', 'data/images/images_training_rev1/426194.jpg', 'data/images/images_training_rev1/510506.jpg', 'data/images/images_training_rev1/945904.jpg', 'data/images/images_training_rev1/898518.jpg']\n"
     ]
    }
   ],
   "source": [
    "# Trim files\n",
    "files = trim_file_list(files, labels_df=labels_df)\n",
    "print(files[:5])\n"
   ]
  },
  {
   "cell_type": "code",
   "execution_count": 7,
   "id": "e21c7958",
   "metadata": {},
   "outputs": [],
   "source": [
    "# Create tensorflow datset from list of IDs\n",
    "labels = [list(img_label(f, labels_df=labels_df).values) for f in files]"
   ]
  },
  {
   "cell_type": "code",
   "execution_count": 8,
   "id": "d2558989",
   "metadata": {},
   "outputs": [
    {
     "data": {
      "text/plain": [
       "[[np.float64(0.156511), np.float64(0.773751), np.float64(0.069738)],\n",
       " [np.float64(0.423676), np.float64(0.576324), np.float64(0.0)],\n",
       " [np.float64(0.577396), np.float64(0.404096), np.float64(0.018507)],\n",
       " [np.float64(0.715874), np.float64(0.220661), np.float64(0.063465)],\n",
       " [np.float64(0.744352), np.float64(0.222931), np.float64(0.032717)],\n",
       " [np.float64(0.635343), np.float64(0.337528), np.float64(0.027129)],\n",
       " [np.float64(0.383609), np.float64(0.587939), np.float64(0.028452)],\n",
       " [np.float64(0.202796), np.float64(0.797204), np.float64(0.0)],\n",
       " [np.float64(0.521823), np.float64(0.459679), np.float64(0.018498)],\n",
       " [np.float64(0.021846), np.float64(0.978154), np.float64(0.0)],\n",
       " [np.float64(0.543123), np.float64(0.456877), np.float64(0.0)],\n",
       " [np.float64(0.812297), np.float64(0.102102), np.float64(0.085601)],\n",
       " [np.float64(0.900922), np.float64(0.048842), np.float64(0.050236)],\n",
       " [np.float64(0.914403), np.float64(0.068995), np.float64(0.016602)],\n",
       " [np.float64(0.149755), np.float64(0.850245), np.float64(0.0)],\n",
       " [np.float64(0.670248), np.float64(0.306903), np.float64(0.022848)],\n",
       " [np.float64(0.072092), np.float64(0.926913), np.float64(0.000996)],\n",
       " [np.float64(0.270468), np.float64(0.724971), np.float64(0.004561)],\n",
       " [np.float64(0.740591), np.float64(0.235997), np.float64(0.023412)],\n",
       " [np.float64(0.013202), np.float64(0.980694), np.float64(0.006104)],\n",
       " [np.float64(0.693985), np.float64(0.306015), np.float64(0.0)],\n",
       " [np.float64(0.138648), np.float64(0.861352), np.float64(0.0)],\n",
       " [np.float64(0.308357), np.float64(0.670815), np.float64(0.020829)],\n",
       " [np.float64(0.031199), np.float64(0.960267), np.float64(0.008534)],\n",
       " [np.float64(0.868552), np.float64(0.107109), np.float64(0.024339)],\n",
       " [np.float64(0.388338), np.float64(0.573784), np.float64(0.037878)],\n",
       " [np.float64(0.701254), np.float64(0.272011), np.float64(0.026735)],\n",
       " [np.float64(0.036671), np.float64(0.962892), np.float64(0.000437)],\n",
       " [np.float64(0.037502), np.float64(0.95821), np.float64(0.004288)],\n",
       " [np.float64(0.896672), np.float64(0.071215), np.float64(0.032113)],\n",
       " [np.float64(0.420546), np.float64(0.558979), np.float64(0.020474)],\n",
       " [np.float64(0.003224), np.float64(0.996776), np.float64(0.0)],\n",
       " [np.float64(0.743), np.float64(0.2), np.float64(0.057)],\n",
       " [np.float64(0.737012), np.float64(0.194578), np.float64(0.06841)],\n",
       " [np.float64(0.110884), np.float64(0.879615), np.float64(0.009501)],\n",
       " [np.float64(0.88204), np.float64(0.054121), np.float64(0.063839)],\n",
       " [np.float64(0.578189), np.float64(0.300311), np.float64(0.1215)],\n",
       " [np.float64(0.501598), np.float64(0.454264), np.float64(0.044138)],\n",
       " [np.float64(0.549048), np.float64(0.42483), np.float64(0.026122)],\n",
       " [np.float64(0.614173), np.float64(0.385827), np.float64(0.0)],\n",
       " [np.float64(0.1182), np.float64(0.876918), np.float64(0.004882)],\n",
       " [np.float64(0.461752), np.float64(0.526079), np.float64(0.012169)],\n",
       " [np.float64(0.452591), np.float64(0.547409), np.float64(0.0)],\n",
       " [np.float64(0.531238), np.float64(0.42269), np.float64(0.046072)],\n",
       " [np.float64(0.356492), np.float64(0.617022), np.float64(0.026486)],\n",
       " [np.float64(0.160961), np.float64(0.824709), np.float64(0.014329)],\n",
       " [np.float64(0.494342), np.float64(0.475645), np.float64(0.030014)],\n",
       " [np.float64(0.277876), np.float64(0.695614), np.float64(0.02651)],\n",
       " [np.float64(0.592535), np.float64(0.38938), np.float64(0.018085)],\n",
       " [np.float64(0.49296), np.float64(0.50704), np.float64(0.0)],\n",
       " [np.float64(0.112176), np.float64(0.863891), np.float64(0.023934)],\n",
       " [np.float64(0.175566), np.float64(0.824434), np.float64(0.0)],\n",
       " [np.float64(0.402014), np.float64(0.586112), np.float64(0.011873)],\n",
       " [np.float64(0.823252), np.float64(0.161756), np.float64(0.014993)],\n",
       " [np.float64(0.666822), np.float64(0.312479), np.float64(0.020699)],\n",
       " [np.float64(0.639571), np.float64(0.360429), np.float64(0.0)],\n",
       " [np.float64(0.865245), np.float64(0.119305), np.float64(0.01545)],\n",
       " [np.float64(0.532244), np.float64(0.448988), np.float64(0.018768)],\n",
       " [np.float64(0.606029), np.float64(0.39173), np.float64(0.002241)],\n",
       " [np.float64(0.757814), np.float64(0.242186), np.float64(0.0)],\n",
       " [np.float64(0.439566), np.float64(0.548361), np.float64(0.012072)],\n",
       " [np.float64(0.491971), np.float64(0.488303), np.float64(0.019725)],\n",
       " [np.float64(0.596143), np.float64(0.384245), np.float64(0.019611)],\n",
       " [np.float64(0.628616), np.float64(0.357795), np.float64(0.01359)],\n",
       " [np.float64(0.486039), np.float64(0.513961), np.float64(0.0)],\n",
       " [np.float64(0.84263), np.float64(0.15737), np.float64(0.0)],\n",
       " [np.float64(0.904452), np.float64(0.057791), np.float64(0.037757)],\n",
       " [np.float64(0.958151), np.float64(0.0), np.float64(0.041849)],\n",
       " [np.float64(0.52998), np.float64(0.457737), np.float64(0.012284)],\n",
       " [np.float64(0.575964), np.float64(0.424036), np.float64(0.0)],\n",
       " [np.float64(0.094961), np.float64(0.891537), np.float64(0.013502)],\n",
       " [np.float64(0.090679), np.float64(0.909321), np.float64(0.0)],\n",
       " [np.float64(0.933433), np.float64(0.0), np.float64(0.066567)],\n",
       " [np.float64(0.220834), np.float64(0.779166), np.float64(0.0)],\n",
       " [np.float64(0.18036), np.float64(0.796567), np.float64(0.023073)],\n",
       " [np.float64(0.017394), np.float64(0.982606), np.float64(0.0)],\n",
       " [np.float64(0.096649), np.float64(0.89781), np.float64(0.00554)],\n",
       " [np.float64(0.547822), np.float64(0.44937), np.float64(0.002808)],\n",
       " [np.float64(0.688786), np.float64(0.311214), np.float64(0.0)],\n",
       " [np.float64(0.557381), np.float64(0.442619), np.float64(0.0)],\n",
       " [np.float64(0.801954), np.float64(0.124063), np.float64(0.073983)],\n",
       " [np.float64(0.5714), np.float64(0.372706), np.float64(0.055895)],\n",
       " [np.float64(0.312623), np.float64(0.66694), np.float64(0.020437)],\n",
       " [np.float64(0.742896), np.float64(0.185444), np.float64(0.071659)],\n",
       " [np.float64(0.870447), np.float64(0.09219), np.float64(0.037363)],\n",
       " [np.float64(0.072858), np.float64(0.915462), np.float64(0.01168)],\n",
       " [np.float64(0.902957), np.float64(0.09075), np.float64(0.006293)],\n",
       " [np.float64(0.870766), np.float64(0.084152), np.float64(0.045082)],\n",
       " [np.float64(0.551295), np.float64(0.391402), np.float64(0.057302)],\n",
       " [np.float64(0.378301), np.float64(0.593114), np.float64(0.028585)],\n",
       " [np.float64(0.599204), np.float64(0.257802), np.float64(0.142994)],\n",
       " [np.float64(0.188775), np.float64(0.781021), np.float64(0.030204)],\n",
       " [np.float64(0.789919), np.float64(0.112421), np.float64(0.09766)],\n",
       " [np.float64(0.581211), np.float64(0.395522), np.float64(0.023267)],\n",
       " [np.float64(0.257096), np.float64(0.731432), np.float64(0.011472)],\n",
       " [np.float64(0.819642), np.float64(0.164724), np.float64(0.015635)],\n",
       " [np.float64(0.155474), np.float64(0.834439), np.float64(0.010087)],\n",
       " [np.float64(0.120168), np.float64(0.871468), np.float64(0.008364)],\n",
       " [np.float64(0.085802), np.float64(0.897042), np.float64(0.017156)],\n",
       " [np.float64(0.930107), np.float64(0.069893), np.float64(0.0)],\n",
       " [np.float64(0.867877), np.float64(0.090073), np.float64(0.04205)],\n",
       " [np.float64(0.91692), np.float64(0.027026), np.float64(0.056054)],\n",
       " [np.float64(0.602075), np.float64(0.393474), np.float64(0.004451)],\n",
       " [np.float64(0.594221), np.float64(0.376489), np.float64(0.02929)],\n",
       " [np.float64(0.635449), np.float64(0.364551), np.float64(0.0)],\n",
       " [np.float64(0.02273), np.float64(0.976184), np.float64(0.001086)],\n",
       " [np.float64(0.879469), np.float64(0.100601), np.float64(0.01993)],\n",
       " [np.float64(0.078427), np.float64(0.921573), np.float64(0.0)],\n",
       " [np.float64(0.114438), np.float64(0.885562), np.float64(0.0)],\n",
       " [np.float64(0.513755), np.float64(0.427141), np.float64(0.059103)],\n",
       " [np.float64(0.687774), np.float64(0.263253), np.float64(0.048973)],\n",
       " [np.float64(0.91061), np.float64(0.063417), np.float64(0.025972)],\n",
       " [np.float64(0.884), np.float64(0.091), np.float64(0.025)],\n",
       " [np.float64(0.340031), np.float64(0.644162), np.float64(0.015807)],\n",
       " [np.float64(0.182695), np.float64(0.806274), np.float64(0.011031)],\n",
       " [np.float64(0.393457), np.float64(0.569954), np.float64(0.036589)],\n",
       " [np.float64(0.100352), np.float64(0.89271), np.float64(0.006938)],\n",
       " [np.float64(0.689), np.float64(0.178), np.float64(0.133)],\n",
       " [np.float64(0.435076), np.float64(0.54989), np.float64(0.015034)],\n",
       " [np.float64(0.074803), np.float64(0.898425), np.float64(0.026772)],\n",
       " [np.float64(0.030528), np.float64(0.969472), np.float64(0.0)],\n",
       " [np.float64(0.711022), np.float64(0.288978), np.float64(0.0)],\n",
       " [np.float64(0.007878), np.float64(0.991499), np.float64(0.000623)],\n",
       " [np.float64(0.133606), np.float64(0.859174), np.float64(0.00722)],\n",
       " [np.float64(0.752008), np.float64(0.147153), np.float64(0.100839)],\n",
       " [np.float64(0.563426), np.float64(0.42366), np.float64(0.012915)],\n",
       " [np.float64(0.079785), np.float64(0.917574), np.float64(0.002641)],\n",
       " [np.float64(0.91639), np.float64(0.08361), np.float64(0.0)],\n",
       " [np.float64(0.030657), np.float64(0.962772), np.float64(0.006571)],\n",
       " [np.float64(0.84293), np.float64(0.092661), np.float64(0.06441)],\n",
       " [np.float64(0.125702), np.float64(0.874298), np.float64(0.0)],\n",
       " [np.float64(0.776373), np.float64(0.19352), np.float64(0.030107)],\n",
       " [np.float64(0.619462), np.float64(0.380538), np.float64(0.0)],\n",
       " [np.float64(0.379444), np.float64(0.557279), np.float64(0.063277)],\n",
       " [np.float64(0.138007), np.float64(0.826106), np.float64(0.035887)],\n",
       " [np.float64(0.3462), np.float64(0.6538), np.float64(0.0)],\n",
       " [np.float64(0.103167), np.float64(0.896833), np.float64(0.0)],\n",
       " [np.float64(0.356471), np.float64(0.631417), np.float64(0.012112)],\n",
       " [np.float64(0.12999), np.float64(0.85625), np.float64(0.01376)],\n",
       " [np.float64(0.679186), np.float64(0.320814), np.float64(0.0)],\n",
       " [np.float64(0.216899), np.float64(0.783101), np.float64(0.0)],\n",
       " [np.float64(0.499637), np.float64(0.430945), np.float64(0.069418)],\n",
       " [np.float64(0.066443), np.float64(0.931428), np.float64(0.002129)],\n",
       " [np.float64(0.699917), np.float64(0.298834), np.float64(0.001249)],\n",
       " [np.float64(0.432411), np.float64(0.531606), np.float64(0.035983)],\n",
       " [np.float64(0.386704), np.float64(0.541769), np.float64(0.071527)],\n",
       " [np.float64(0.858241), np.float64(0.0), np.float64(0.141759)],\n",
       " [np.float64(0.149303), np.float64(0.784142), np.float64(0.066555)],\n",
       " [np.float64(0.254249), np.float64(0.736407), np.float64(0.009344)],\n",
       " [np.float64(0.482369), np.float64(0.458249), np.float64(0.059382)],\n",
       " [np.float64(0.84477), np.float64(0.105411), np.float64(0.049819)],\n",
       " [np.float64(0.469291), np.float64(0.423209), np.float64(0.107499)],\n",
       " [np.float64(0.237009), np.float64(0.759149), np.float64(0.003842)],\n",
       " [np.float64(0.68548), np.float64(0.253419), np.float64(0.061101)],\n",
       " [np.float64(0.611651), np.float64(0.342267), np.float64(0.046083)],\n",
       " [np.float64(0.667722), np.float64(0.238133), np.float64(0.094145)],\n",
       " [np.float64(0.554631), np.float64(0.424981), np.float64(0.020388)],\n",
       " [np.float64(0.719038), np.float64(0.15373), np.float64(0.127232)],\n",
       " [np.float64(0.716822), np.float64(0.283178), np.float64(0.0)],\n",
       " [np.float64(0.091838), np.float64(0.908162), np.float64(0.0)],\n",
       " [np.float64(0.409473), np.float64(0.574421), np.float64(0.016107)],\n",
       " [np.float64(0.696576), np.float64(0.25745), np.float64(0.045974)],\n",
       " [np.float64(0.326377), np.float64(0.673623), np.float64(0.0)],\n",
       " [np.float64(0.106008), np.float64(0.893992), np.float64(0.0)],\n",
       " [np.float64(0.644377), np.float64(0.32502), np.float64(0.030603)],\n",
       " [np.float64(0.05954), np.float64(0.930633), np.float64(0.009827)],\n",
       " [np.float64(0.589852), np.float64(0.410148), np.float64(0.0)],\n",
       " [np.float64(0.506085), np.float64(0.478866), np.float64(0.015048)],\n",
       " [np.float64(0.534269), np.float64(0.37471), np.float64(0.091021)],\n",
       " [np.float64(0.127103), np.float64(0.872897), np.float64(0.0)],\n",
       " [np.float64(0.773), np.float64(0.182), np.float64(0.045)],\n",
       " [np.float64(0.438839), np.float64(0.528696), np.float64(0.032465)],\n",
       " [np.float64(0.707922), np.float64(0.200243), np.float64(0.091835)],\n",
       " [np.float64(0.654431), np.float64(0.310011), np.float64(0.035557)],\n",
       " [np.float64(0.183401), np.float64(0.816599), np.float64(0.0)],\n",
       " [np.float64(0.265906), np.float64(0.722674), np.float64(0.01142)],\n",
       " [np.float64(0.103203), np.float64(0.883079), np.float64(0.013718)],\n",
       " [np.float64(0.062936), np.float64(0.936509), np.float64(0.000555)],\n",
       " [np.float64(0.486038), np.float64(0.482074), np.float64(0.031888)],\n",
       " [np.float64(0.083767), np.float64(0.901166), np.float64(0.015067)],\n",
       " [np.float64(0.568572), np.float64(0.377349), np.float64(0.054079)],\n",
       " [np.float64(0.569817), np.float64(0.429127), np.float64(0.001056)],\n",
       " [np.float64(0.749467), np.float64(0.205551), np.float64(0.044983)],\n",
       " [np.float64(0.103686), np.float64(0.896314), np.float64(0.0)],\n",
       " [np.float64(0.557592), np.float64(0.404591), np.float64(0.037818)],\n",
       " [np.float64(0.0), np.float64(0.993), np.float64(0.007)],\n",
       " [np.float64(0.745706), np.float64(0.224074), np.float64(0.03022)],\n",
       " [np.float64(0.193299), np.float64(0.795687), np.float64(0.011015)],\n",
       " [np.float64(0.046515), np.float64(0.930848), np.float64(0.022637)],\n",
       " [np.float64(0.682093), np.float64(0.272599), np.float64(0.045307)],\n",
       " [np.float64(0.243612), np.float64(0.756388), np.float64(0.0)],\n",
       " [np.float64(0.908861), np.float64(0.051148), np.float64(0.039991)],\n",
       " [np.float64(0.617493), np.float64(0.211804), np.float64(0.170703)],\n",
       " [np.float64(0.387011), np.float64(0.556307), np.float64(0.056683)],\n",
       " [np.float64(0.299664), np.float64(0.689844), np.float64(0.010492)],\n",
       " [np.float64(0.748451), np.float64(0.251549), np.float64(0.0)],\n",
       " [np.float64(0.219291), np.float64(0.770509), np.float64(0.010201)],\n",
       " [np.float64(0.70448), np.float64(0.277363), np.float64(0.018157)],\n",
       " [np.float64(0.743892), np.float64(0.132567), np.float64(0.123541)],\n",
       " [np.float64(0.052559), np.float64(0.940298), np.float64(0.007144)],\n",
       " [np.float64(0.123023), np.float64(0.85353), np.float64(0.023446)],\n",
       " [np.float64(0.078674), np.float64(0.906203), np.float64(0.015123)],\n",
       " [np.float64(0.337164), np.float64(0.662836), np.float64(0.0)],\n",
       " [np.float64(0.632761), np.float64(0.367239), np.float64(0.0)],\n",
       " [np.float64(0.044044), np.float64(0.933934), np.float64(0.022022)],\n",
       " [np.float64(0.677832), np.float64(0.291386), np.float64(0.030782)],\n",
       " [np.float64(0.281609), np.float64(0.675284), np.float64(0.043108)],\n",
       " [np.float64(0.909002), np.float64(0.036508), np.float64(0.05449)],\n",
       " [np.float64(0.227345), np.float64(0.764884), np.float64(0.007771)],\n",
       " [np.float64(0.0), np.float64(0.999), np.float64(0.001)],\n",
       " [np.float64(0.288773), np.float64(0.666666), np.float64(0.044561)],\n",
       " [np.float64(0.564072), np.float64(0.396716), np.float64(0.039211)],\n",
       " [np.float64(0.942741), np.float64(0.040122), np.float64(0.017137)],\n",
       " [np.float64(0.313326), np.float64(0.670312), np.float64(0.016362)],\n",
       " [np.float64(0.0), np.float64(1.0), np.float64(0.0)],\n",
       " [np.float64(0.125493), np.float64(0.874507), np.float64(0.0)],\n",
       " [np.float64(0.855329), np.float64(0.121488), np.float64(0.023183)],\n",
       " [np.float64(0.769), np.float64(0.125), np.float64(0.106)],\n",
       " [np.float64(0.337322), np.float64(0.642982), np.float64(0.019696)],\n",
       " [np.float64(0.061953), np.float64(0.938047), np.float64(0.0)],\n",
       " [np.float64(0.477544), np.float64(0.522456), np.float64(0.0)],\n",
       " [np.float64(0.129037), np.float64(0.837104), np.float64(0.033858)],\n",
       " [np.float64(0.077641), np.float64(0.922359), np.float64(0.0)],\n",
       " [np.float64(0.340569), np.float64(0.59007), np.float64(0.069361)],\n",
       " [np.float64(0.306149), np.float64(0.693851), np.float64(0.0)],\n",
       " [np.float64(0.416242), np.float64(0.572904), np.float64(0.010854)],\n",
       " [np.float64(0.027191), np.float64(0.962998), np.float64(0.009811)],\n",
       " [np.float64(0.58995), np.float64(0.392103), np.float64(0.017948)],\n",
       " [np.float64(0.722551), np.float64(0.25733), np.float64(0.020119)],\n",
       " [np.float64(0.305898), np.float64(0.651041), np.float64(0.043061)],\n",
       " [np.float64(0.349504), np.float64(0.645556), np.float64(0.00494)],\n",
       " [np.float64(0.14342), np.float64(0.85658), np.float64(0.0)],\n",
       " [np.float64(0.321339), np.float64(0.66553), np.float64(0.013131)],\n",
       " [np.float64(0.660782), np.float64(0.299171), np.float64(0.040047)],\n",
       " [np.float64(0.146064), np.float64(0.83511), np.float64(0.018827)],\n",
       " [np.float64(0.386032), np.float64(0.586046), np.float64(0.027923)],\n",
       " [np.float64(0.694192), np.float64(0.250877), np.float64(0.054931)],\n",
       " [np.float64(0.024594), np.float64(0.968744), np.float64(0.006662)],\n",
       " [np.float64(0.319324), np.float64(0.658728), np.float64(0.021947)],\n",
       " [np.float64(0.488232), np.float64(0.510851), np.float64(0.000917)],\n",
       " [np.float64(0.197133), np.float64(0.788199), np.float64(0.014668)],\n",
       " [np.float64(0.348173), np.float64(0.622404), np.float64(0.029422)],\n",
       " [np.float64(0.532655), np.float64(0.457634), np.float64(0.009711)],\n",
       " [np.float64(0.107021), np.float64(0.892725), np.float64(0.000254)],\n",
       " [np.float64(0.924678), np.float64(0.075322), np.float64(0.0)],\n",
       " [np.float64(0.703416), np.float64(0.292194), np.float64(0.00439)],\n",
       " [np.float64(0.053746), np.float64(0.913869), np.float64(0.032385)],\n",
       " [np.float64(0.134058), np.float64(0.855511), np.float64(0.010431)],\n",
       " [np.float64(0.159932), np.float64(0.813329), np.float64(0.02674)],\n",
       " [np.float64(0.34582), np.float64(0.65418), np.float64(0.0)],\n",
       " [np.float64(0.750728), np.float64(0.194403), np.float64(0.054869)],\n",
       " [np.float64(0.17348), np.float64(0.82652), np.float64(0.0)],\n",
       " [np.float64(0.561883), np.float64(0.422552), np.float64(0.015565)],\n",
       " [np.float64(0.641178), np.float64(0.328671), np.float64(0.030151)],\n",
       " [np.float64(0.803804), np.float64(0.19019), np.float64(0.006006)],\n",
       " [np.float64(0.601048), np.float64(0.368525), np.float64(0.030427)],\n",
       " [np.float64(0.23033), np.float64(0.76967), np.float64(0.0)],\n",
       " [np.float64(0.423679), np.float64(0.576321), np.float64(0.0)],\n",
       " [np.float64(0.676468), np.float64(0.286744), np.float64(0.036788)],\n",
       " [np.float64(0.779624), np.float64(0.186169), np.float64(0.034207)],\n",
       " [np.float64(0.251672), np.float64(0.72605), np.float64(0.022278)],\n",
       " [np.float64(0.594104), np.float64(0.306294), np.float64(0.099601)],\n",
       " [np.float64(0.345), np.float64(0.623), np.float64(0.032)],\n",
       " [np.float64(0.14191), np.float64(0.836914), np.float64(0.021176)],\n",
       " [np.float64(0.495842), np.float64(0.388819), np.float64(0.115338)],\n",
       " [np.float64(0.108767), np.float64(0.891233), np.float64(0.0)],\n",
       " [np.float64(0.432234), np.float64(0.551915), np.float64(0.015851)],\n",
       " [np.float64(0.633028), np.float64(0.305597), np.float64(0.061376)],\n",
       " [np.float64(0.0), np.float64(1.0), np.float64(0.0)],\n",
       " [np.float64(0.376824), np.float64(0.596938), np.float64(0.026238)],\n",
       " [np.float64(0.125067), np.float64(0.874933), np.float64(0.0)],\n",
       " [np.float64(0.390425), np.float64(0.59421), np.float64(0.015365)],\n",
       " [np.float64(0.351592), np.float64(0.566582), np.float64(0.081826)],\n",
       " [np.float64(0.651553), np.float64(0.297699), np.float64(0.050748)],\n",
       " [np.float64(0.067324), np.float64(0.929243), np.float64(0.003433)],\n",
       " [np.float64(0.02671), np.float64(0.97329), np.float64(0.0)],\n",
       " [np.float64(0.255128), np.float64(0.71754), np.float64(0.027332)],\n",
       " [np.float64(0.589695), np.float64(0.384853), np.float64(0.025451)],\n",
       " [np.float64(0.251554), np.float64(0.73666), np.float64(0.011787)],\n",
       " [np.float64(0.825579), np.float64(0.134677), np.float64(0.039744)],\n",
       " [np.float64(0.875644), np.float64(0.039696), np.float64(0.08466)],\n",
       " [np.float64(0.070723), np.float64(0.867147), np.float64(0.06213)],\n",
       " [np.float64(0.376614), np.float64(0.623386), np.float64(0.0)],\n",
       " [np.float64(0.487918), np.float64(0.510715), np.float64(0.001366)],\n",
       " [np.float64(0.39878), np.float64(0.60122), np.float64(0.0)],\n",
       " [np.float64(0.277488), np.float64(0.716047), np.float64(0.006466)],\n",
       " [np.float64(0.213231), np.float64(0.71999), np.float64(0.066779)],\n",
       " [np.float64(0.855315), np.float64(0.062867), np.float64(0.081817)],\n",
       " [np.float64(0.227549), np.float64(0.740077), np.float64(0.032374)],\n",
       " [np.float64(0.034346), np.float64(0.94513), np.float64(0.020524)],\n",
       " [np.float64(0.918651), np.float64(0.075811), np.float64(0.005539)],\n",
       " [np.float64(0.339078), np.float64(0.647082), np.float64(0.013839)],\n",
       " [np.float64(0.995233), np.float64(0.0), np.float64(0.004767)],\n",
       " [np.float64(0.179889), np.float64(0.78953), np.float64(0.030581)],\n",
       " [np.float64(0.906), np.float64(0.094), np.float64(0.0)],\n",
       " [np.float64(0.770773), np.float64(0.229227), np.float64(0.0)],\n",
       " [np.float64(0.224457), np.float64(0.759531), np.float64(0.016011)],\n",
       " [np.float64(0.081581), np.float64(0.898827), np.float64(0.019592)],\n",
       " [np.float64(0.247883), np.float64(0.752117), np.float64(0.0)],\n",
       " [np.float64(0.914526), np.float64(0.063994), np.float64(0.02148)],\n",
       " [np.float64(0.149909), np.float64(0.829928), np.float64(0.020163)],\n",
       " [np.float64(0.871475), np.float64(0.100324), np.float64(0.028201)],\n",
       " [np.float64(0.479357), np.float64(0.520643), np.float64(0.0)],\n",
       " [np.float64(0.670256), np.float64(0.254167), np.float64(0.075577)],\n",
       " [np.float64(0.511395), np.float64(0.488605), np.float64(0.0)],\n",
       " [np.float64(0.385834), np.float64(0.614166), np.float64(0.0)],\n",
       " [np.float64(0.478503), np.float64(0.509228), np.float64(0.012269)],\n",
       " [np.float64(0.275326), np.float64(0.724154), np.float64(0.00052)],\n",
       " [np.float64(0.326782), np.float64(0.64144), np.float64(0.031777)],\n",
       " [np.float64(0.634047), np.float64(0.304343), np.float64(0.06161)],\n",
       " [np.float64(0.159618), np.float64(0.836618), np.float64(0.003764)],\n",
       " [np.float64(0.795562), np.float64(0.204438), np.float64(0.0)],\n",
       " [np.float64(0.514461), np.float64(0.469602), np.float64(0.015937)],\n",
       " [np.float64(0.140545), np.float64(0.85252), np.float64(0.006935)],\n",
       " [np.float64(0.38092), np.float64(0.604051), np.float64(0.015029)],\n",
       " [np.float64(0.562125), np.float64(0.43719), np.float64(0.000685)],\n",
       " [np.float64(0.601367), np.float64(0.36122), np.float64(0.037413)],\n",
       " [np.float64(0.035423), np.float64(0.959139), np.float64(0.005439)],\n",
       " [np.float64(0.211838), np.float64(0.721843), np.float64(0.06632)],\n",
       " [np.float64(0.659959), np.float64(0.340041), np.float64(0.0)],\n",
       " [np.float64(0.335746), np.float64(0.664254), np.float64(0.0)],\n",
       " [np.float64(0.063637), np.float64(0.930931), np.float64(0.005432)],\n",
       " [np.float64(0.802127), np.float64(0.16284), np.float64(0.035033)],\n",
       " [np.float64(0.026102), np.float64(0.973898), np.float64(0.0)],\n",
       " [np.float64(0.232192), np.float64(0.743715), np.float64(0.024094)],\n",
       " [np.float64(0.270583), np.float64(0.707744), np.float64(0.021673)],\n",
       " [np.float64(0.41031), np.float64(0.579039), np.float64(0.01065)],\n",
       " [np.float64(0.211), np.float64(0.754), np.float64(0.035)],\n",
       " [np.float64(0.943739), np.float64(0.0), np.float64(0.056261)],\n",
       " [np.float64(0.587474), np.float64(0.410534), np.float64(0.001993)],\n",
       " [np.float64(0.743127), np.float64(0.232114), np.float64(0.024759)],\n",
       " [np.float64(0.048036), np.float64(0.951964), np.float64(0.0)],\n",
       " [np.float64(0.948885), np.float64(0.051115), np.float64(0.0)],\n",
       " [np.float64(0.091557), np.float64(0.908443), np.float64(0.0)],\n",
       " [np.float64(0.171995), np.float64(0.828005), np.float64(0.0)],\n",
       " [np.float64(1.0), np.float64(0.0), np.float64(0.0)],\n",
       " [np.float64(0.732445), np.float64(0.201462), np.float64(0.066093)],\n",
       " [np.float64(0.845964), np.float64(0.126525), np.float64(0.027511)],\n",
       " [np.float64(0.74953), np.float64(0.229279), np.float64(0.021191)],\n",
       " [np.float64(0.087622), np.float64(0.912378), np.float64(0.0)],\n",
       " [np.float64(0.109221), np.float64(0.88646), np.float64(0.004319)],\n",
       " [np.float64(0.451271), np.float64(0.499977), np.float64(0.048752)],\n",
       " [np.float64(0.209442), np.float64(0.725297), np.float64(0.065261)],\n",
       " [np.float64(0.245341), np.float64(0.746395), np.float64(0.008264)],\n",
       " [np.float64(0.923), np.float64(0.051), np.float64(0.026)],\n",
       " [np.float64(0.173239), np.float64(0.776266), np.float64(0.050495)],\n",
       " [np.float64(0.734118), np.float64(0.249466), np.float64(0.016416)],\n",
       " [np.float64(0.484109), np.float64(0.515891), np.float64(0.0)],\n",
       " [np.float64(0.538178), np.float64(0.461822), np.float64(0.0)],\n",
       " [np.float64(0.014752), np.float64(0.985248), np.float64(0.0)],\n",
       " [np.float64(0.551159), np.float64(0.421383), np.float64(0.027458)],\n",
       " [np.float64(0.254668), np.float64(0.71725), np.float64(0.028081)],\n",
       " [np.float64(0.063768), np.float64(0.936232), np.float64(0.0)],\n",
       " [np.float64(0.346134), np.float64(0.641502), np.float64(0.012364)],\n",
       " [np.float64(0.489456), np.float64(0.510544), np.float64(0.0)],\n",
       " [np.float64(0.718267), np.float64(0.281733), np.float64(0.0)],\n",
       " [np.float64(0.78749), np.float64(0.21251), np.float64(0.0)],\n",
       " [np.float64(0.498296), np.float64(0.485204), np.float64(0.0165)],\n",
       " [np.float64(0.57229), np.float64(0.369781), np.float64(0.057929)],\n",
       " [np.float64(0.218808), np.float64(0.774693), np.float64(0.006499)],\n",
       " [np.float64(0.523098), np.float64(0.476074), np.float64(0.000827)],\n",
       " [np.float64(0.385445), np.float64(0.567318), np.float64(0.047237)],\n",
       " [np.float64(0.744), np.float64(0.186), np.float64(0.07)],\n",
       " [np.float64(0.401213), np.float64(0.582025), np.float64(0.016762)],\n",
       " [np.float64(0.892656), np.float64(0.083043), np.float64(0.024302)],\n",
       " [np.float64(0.18504), np.float64(0.81496), np.float64(0.0)],\n",
       " [np.float64(0.676343), np.float64(0.248038), np.float64(0.075619)],\n",
       " [np.float64(0.219723), np.float64(0.777417), np.float64(0.00286)],\n",
       " [np.float64(0.027), np.float64(0.973), np.float64(0.0)],\n",
       " [np.float64(0.779086), np.float64(0.163734), np.float64(0.057179)],\n",
       " [np.float64(0.205413), np.float64(0.786155), np.float64(0.008432)],\n",
       " [np.float64(0.45098), np.float64(0.525573), np.float64(0.023447)],\n",
       " [np.float64(0.157132), np.float64(0.842868), np.float64(0.0)],\n",
       " [np.float64(0.004706), np.float64(0.995294), np.float64(0.0)],\n",
       " [np.float64(0.761573), np.float64(0.137039), np.float64(0.101388)],\n",
       " [np.float64(0.690903), np.float64(0.309097), np.float64(0.0)],\n",
       " [np.float64(0.019908), np.float64(0.980092), np.float64(0.0)],\n",
       " [np.float64(0.45802), np.float64(0.527385), np.float64(0.014595)],\n",
       " [np.float64(0.932), np.float64(0.0), np.float64(0.068)],\n",
       " [np.float64(0.574992), np.float64(0.425008), np.float64(0.0)],\n",
       " [np.float64(0.030392), np.float64(0.969608), np.float64(0.0)],\n",
       " [np.float64(0.370581), np.float64(0.629419), np.float64(0.0)],\n",
       " [np.float64(0.21222), np.float64(0.768435), np.float64(0.019345)],\n",
       " [np.float64(0.208409), np.float64(0.780446), np.float64(0.011145)],\n",
       " [np.float64(0.127722), np.float64(0.872278), np.float64(0.0)],\n",
       " [np.float64(0.870845), np.float64(0.108701), np.float64(0.020454)],\n",
       " [np.float64(0.500522), np.float64(0.471923), np.float64(0.027555)],\n",
       " [np.float64(0.698158), np.float64(0.266831), np.float64(0.035011)],\n",
       " [np.float64(0.49808), np.float64(0.465914), np.float64(0.036006)],\n",
       " [np.float64(0.850968), np.float64(0.128205), np.float64(0.020826)],\n",
       " [np.float64(0.84424), np.float64(0.130129), np.float64(0.025631)],\n",
       " [np.float64(0.516961), np.float64(0.408944), np.float64(0.074095)],\n",
       " [np.float64(0.04516), np.float64(0.95484), np.float64(0.0)],\n",
       " [np.float64(0.762718), np.float64(0.158188), np.float64(0.079094)],\n",
       " [np.float64(0.720297), np.float64(0.240882), np.float64(0.038821)],\n",
       " [np.float64(0.117926), np.float64(0.862016), np.float64(0.020058)],\n",
       " [np.float64(0.0), np.float64(0.978037), np.float64(0.021963)],\n",
       " [np.float64(0.329413), np.float64(0.653706), np.float64(0.016881)],\n",
       " [np.float64(0.898), np.float64(0.082), np.float64(0.02)],\n",
       " [np.float64(0.48519), np.float64(0.500638), np.float64(0.014172)],\n",
       " [np.float64(0.199624), np.float64(0.782837), np.float64(0.017539)],\n",
       " [np.float64(0.672531), np.float64(0.291922), np.float64(0.035547)],\n",
       " [np.float64(0.0), np.float64(1.0), np.float64(0.0)],\n",
       " [np.float64(0.819331), np.float64(0.168823), np.float64(0.011846)],\n",
       " [np.float64(0.673895), np.float64(0.326105), np.float64(0.0)],\n",
       " [np.float64(0.024369), np.float64(0.915158), np.float64(0.060473)],\n",
       " [np.float64(0.901693), np.float64(0.064241), np.float64(0.034067)],\n",
       " [np.float64(0.197419), np.float64(0.762163), np.float64(0.040418)],\n",
       " [np.float64(0.258196), np.float64(0.707658), np.float64(0.034146)],\n",
       " [np.float64(0.281705), np.float64(0.718295), np.float64(0.0)],\n",
       " [np.float64(0.886887), np.float64(0.068068), np.float64(0.045045)],\n",
       " [np.float64(0.860861), np.float64(0.139139), np.float64(0.0)],\n",
       " [np.float64(0.795796), np.float64(0.159159), np.float64(0.045045)],\n",
       " [np.float64(0.354115), np.float64(0.627615), np.float64(0.01827)],\n",
       " [np.float64(0.691374), np.float64(0.308626), np.float64(0.0)],\n",
       " [np.float64(0.326125), np.float64(0.663601), np.float64(0.010273)],\n",
       " [np.float64(0.277139), np.float64(0.721831), np.float64(0.00103)],\n",
       " [np.float64(0.0), np.float64(0.973), np.float64(0.027)],\n",
       " [np.float64(0.284635), np.float64(0.715365), np.float64(0.0)],\n",
       " [np.float64(0.913087), np.float64(0.064935), np.float64(0.021978)],\n",
       " [np.float64(0.247263), np.float64(0.747395), np.float64(0.005342)],\n",
       " [np.float64(0.013508), np.float64(0.955717), np.float64(0.030774)],\n",
       " [np.float64(0.775365), np.float64(0.199191), np.float64(0.025444)],\n",
       " [np.float64(0.356443), np.float64(0.638011), np.float64(0.005546)],\n",
       " [np.float64(0.927), np.float64(0.073), np.float64(0.0)],\n",
       " [np.float64(0.168077), np.float64(0.831923), np.float64(0.0)],\n",
       " [np.float64(0.439668), np.float64(0.523813), np.float64(0.036519)],\n",
       " [np.float64(0.0), np.float64(0.985548), np.float64(0.014452)],\n",
       " [np.float64(0.74488), np.float64(0.166249), np.float64(0.088871)],\n",
       " [np.float64(0.323066), np.float64(0.676287), np.float64(0.000647)],\n",
       " [np.float64(0.264306), np.float64(0.724983), np.float64(0.010711)],\n",
       " [np.float64(0.335567), np.float64(0.664433), np.float64(0.0)],\n",
       " [np.float64(0.242279), np.float64(0.757721), np.float64(0.0)],\n",
       " [np.float64(0.131242), np.float64(0.82926), np.float64(0.039498)],\n",
       " [np.float64(0.676026), np.float64(0.285788), np.float64(0.038185)],\n",
       " [np.float64(0.0), np.float64(1.0), np.float64(0.0)],\n",
       " [np.float64(0.385093), np.float64(0.596617), np.float64(0.018291)],\n",
       " [np.float64(0.311877), np.float64(0.686934), np.float64(0.001189)],\n",
       " [np.float64(0.421903), np.float64(0.486023), np.float64(0.092073)],\n",
       " [np.float64(0.211078), np.float64(0.761975), np.float64(0.026947)],\n",
       " [np.float64(0.128206), np.float64(0.861599), np.float64(0.010195)],\n",
       " [np.float64(0.822093), np.float64(0.164487), np.float64(0.013421)],\n",
       " [np.float64(0.827828), np.float64(0.086086), np.float64(0.086086)],\n",
       " [np.float64(0.109132), np.float64(0.890868), np.float64(0.0)],\n",
       " [np.float64(0.136242), np.float64(0.859203), np.float64(0.004555)],\n",
       " [np.float64(0.93), np.float64(0.046), np.float64(0.024)],\n",
       " [np.float64(0.380006), np.float64(0.616929), np.float64(0.003065)],\n",
       " [np.float64(0.071117), np.float64(0.918822), np.float64(0.010062)],\n",
       " [np.float64(0.490715), np.float64(0.415099), np.float64(0.094187)],\n",
       " [np.float64(0.510786), np.float64(0.476021), np.float64(0.013194)],\n",
       " [np.float64(0.839943), np.float64(0.117068), np.float64(0.042988)],\n",
       " [np.float64(0.155071), np.float64(0.844929), np.float64(0.0)],\n",
       " [np.float64(0.729296), np.float64(0.270704), np.float64(0.0)],\n",
       " [np.float64(0.132208), np.float64(0.867792), np.float64(0.0)],\n",
       " [np.float64(0.660097), np.float64(0.31931), np.float64(0.020594)],\n",
       " [np.float64(0.847301), np.float64(0.130636), np.float64(0.022063)],\n",
       " [np.float64(0.474782), np.float64(0.525218), np.float64(0.0)],\n",
       " [np.float64(0.822157), np.float64(0.071295), np.float64(0.106547)],\n",
       " [np.float64(0.645744), np.float64(0.337157), np.float64(0.017099)],\n",
       " [np.float64(0.385959), np.float64(0.603374), np.float64(0.010667)],\n",
       " [np.float64(0.047154), np.float64(0.947593), np.float64(0.005253)],\n",
       " [np.float64(0.478763), np.float64(0.493855), np.float64(0.027382)],\n",
       " [np.float64(0.495911), np.float64(0.473699), np.float64(0.03039)],\n",
       " [np.float64(0.422), np.float64(0.575), np.float64(0.003)],\n",
       " [np.float64(0.330409), np.float64(0.655385), np.float64(0.014205)],\n",
       " [np.float64(0.365964), np.float64(0.634036), np.float64(0.0)],\n",
       " [np.float64(0.505553), np.float64(0.494447), np.float64(0.0)],\n",
       " [np.float64(0.865102), np.float64(0.134898), np.float64(0.0)],\n",
       " [np.float64(0.457559), np.float64(0.5372), np.float64(0.005241)],\n",
